"Aguascalientes",0,1,0,2,0,5,4,0,1.5,0,2.9,0,7.1,5.7,"21.8817964, -102.2912701"
"Baja California",8,15,8,10,14,41,30,6.2,9,5.2,6.1,8.3,23.7,16.9,"30.8406338, -115.2837585"
"Baja California Sur",0,1,0,1,2,0,3,0,3.5,0,3.4,6.7,0,9.8,"26.0444446, -111.6660725"
"Campeche",3,1,0,0,0,3,2,6.6,2.1,0,0,0,6.1,4.1,"19.1877616, -90.2995785"
"Coahuila",9,9,3,5,8,9,13,6.6,6.2,2.1,3.4,5.4,6,8.6,"27.058676, -101.7068294"
"Colima",5,1,1,0,1,2,1,14.8,2.7,2.9,0,2.9,5.8,2.9,"19.1365002, -103.8216261"
"Chiapas",15,14,12,31,4,11,14,5.7,4.6,4.1,10.2,1.3,3.5,4.5,"16.1400945, -92.7779813"
"Chihuahua",39,40,29,27,24,86,144,22.2,20.1,15.6,14.3,12.6,44.9,74.9,"28.6352778, -106.0888889"
"Distrito Federal",41,50,35,29,48,36,31,8.7,10.9,8,6.5,10.9,9,7.3,"19.2464696, -99.1013498"
"Durango",1,11,5,5,7,14,40,1.1,11,5.1,5.1,7.2,14.4,41.4,"24.0277202, -104.6531759"
"Guanajuato",16,9,7,8,11,9,35,5.1,2.7,2.2,2.5,3.4,2.8,11,"20.9170187, -101.1617356"
"Guerrero",12,6,18,32,18,18,45,5.7,2.7,8.5,14.9,8.3,8.4,21.1,"17.4391926, -99.54509739999999"
"Hidalgo",3,3,0,0,2,3,6,2,1.9,0,0,1.3,0.3,4,"20.6668191, -99.0128926"
"Jalisco",11,12,10,15,19,20,25,2.7,2.9,2.4,3.6,4.6,4.8,6.1,"20.1540195, -103.914399"
"México",113,87,102,86,53,69,69,14.2,9.8,12.5,10.3,6.3,8.2,8.2,"19.4326077, -99.133208"
"Michoacán",21,16,24,40,29,17,21,7.7,5.6,9,15.2,11.2,6.6,8.4,"19.5665192, -101.7068294"
"Morelos",10,6,3,6,8,10,5,10.3,5.8,3.1,6.1,8.1,10.2,5.1,"18.6813049, -99.1013498"
"Nayarit",7,5,2,2,0,7,6,11.4,8,3.3,3.3,0,11.9,10.4,"21.7513844, -104.8454619"
"Nuevo León",5,4,7,6,13,8,10,2.3,1.8,3.1,2.6,5.6,3.4,4.3,"25.7276624, -99.54509739999999"
"Oaxaca",24,21,12,21,17,24,22,10.4,8.2,5.1,8.8,7.1,10,9.3,"17.1657706, -97.092877"
"Puebla",14,16,13,11,14,17,11,4.2,4.4,3.8,3.1,4,4.8,3.1,"19.0412967, -98.20619959999999"
"Querétaro",1,2,4,4,3,6,9,1.1,1.9,4,3.9,2.9,5.7,8.5,"20.5930556, -100.3922222"
"Quintana Roo",0,4,3,3,3,3,2,0,6.1,4.9,4.1,4,3.8,2.5,"19.1817393, -88.4791376"
"San Luis Potosí",15,14,5,10,9,12,13,9.8,8.8,3.2,6.3,5.7,7.6,8.3,"22.1564699, -100.9855409"
"Sinaloa",20,10,12,6,6,27,58,12.2,5.9,7.5,3.7,3.8,17,36.9,"25.1721091, -107.4795173"
"Sonora",7,5,9,6,2,15,14,5.3,3.6,6.6,4.3,1.4,10.6,9.9,"29.2972247, -110.3308814"
"Tabasco",4,2,3,5,5,5,5,3.1,1.5,2.3,3.8,3.9,3.9,3.9,"21.8643824, -102.9130144"
"Tamaulipas",11,9,9,23,3,5,3,6.8,5.2,5.4,13.4,1.7,2.9,1.7,"24.26694, -98.8362755"
"Tlaxcala",3,2,2,4,1,2,2,4.6,2.9,3,5.8,1.5,2.9,2.9,"19.3122222, -98.2394444"
"Veracruz",19,9,13,8,8,14,22,4.3,2,2.9,1.8,1.8,3.2,5,"19.1727167, -96.13326889999999"
"Yucatán",2,1,2,1,2,3,2,1.9,0.9,1.8,0.9,1.7,2.6,1.8,"20.7098786, -89.0943377"
"Zacatecas",2,4,2,3,5,4,10,2.1,4.3,2.2,3.4,5.7,4.6,11.6,"22.7708555, -102.5832426"
"Nacional",441,390,355,410,339,507,677,7.2,6,5.7,6.4,5.3,8,10.7,"19.439378, -99.1218275"